# Universe 3. Values shown are for the Exit End of each Element:
name      key                        s     length         angle       x_pitch     magnet x     magnet z  magnet theta      orbit x      orbit z   orbit theta dispersion dispersion       beta x     alpha x       beta y     alpha y        field  gradient
#                                  (m)        (m)         [rad]                        (m)          (m)           (m)          (m)          (m)           (m)        (m) derivative          (m)                      (m)                      (T)     (T/m)
MROT4     Marker           -102.535964   0.000000             0 +0.0000000000    -0.059397  -102.532018  0.0383970000    -0.059397  -102.532018  0.0383970000  +0.337153  +0.013413    16.127564   +0.055802    14.851570   +0.127580            0         0
ODF60_5   Drift            -102.216059   0.319905             0 +0.0000000000    -0.047116  -102.212349  0.0383970000    -0.047116  -102.212349  0.0383970000  +0.341443  +0.013413    16.098227   +0.035904    14.776946   +0.105689            0         0
Q13EF_5   Quadrupole       -101.616059   0.600000             0 +0.0000000000    -0.024084  -101.612791  0.0383970000    -0.024084  -101.612791  0.0383970000  +0.330046  -0.051044    14.312030   +2.827004    16.416852   -2.942027            0 -10.57130
ODEF_5    Drift            -101.116059   0.500000             0 +0.0000000000    -0.004890  -101.113159  0.0383970000    -0.004890  -101.113159  0.0383970000  +0.304524  -0.051044    11.642095   +2.512864    19.505916   -3.236101            0         0
D2EF_5    Sbend             -98.192757   2.923301 +0.0140299444 +0.0000000000     0.086833   -98.191322  0.0243670556     0.086833   -98.191322  0.0243670556  +0.175820  -0.037013     2.319586   +0.676275    43.446529   -4.952675 -0.160089079  -0.00000
ODEF_5    Drift             -97.692757   0.500000             0 +0.0000000000     0.099016   -97.691470  0.0243670556     0.099016   -97.691470  0.0243670556  +0.157313  -0.037013     1.800381   +0.362135    48.546103   -5.246473            0         0
Q12EF_5   Quadrupole        -97.092757   0.600000             0 +0.0000000000     0.113634   -97.091648  0.0243670556     0.113634   -97.091648  0.0243670556  +0.146041  -0.001012     1.832279   -0.417829    47.789033   +6.447051            0 +13.35360
ODEF_5    Drift             -96.592757   0.500000             0 +0.0000000000     0.125817   -96.591797  0.0243670556     0.125817   -96.591797  0.0243670556  +0.145534  -0.001012     2.410370   -0.738353    41.564651   +6.001714            0         0
D2EF_5    Sbend             -93.669456   2.923301 +0.0140299444 +0.0000000000     0.176539   -93.668960  0.0103371112     0.176539   -93.668960  0.0103371112  +0.163082  +0.013018    12.204933   -2.612271    14.081717   +3.398696 -0.160089079  -0.00000
ODEF_5    Drift             -93.169456   0.500000             0 +0.0000000000     0.181708   -93.168986  0.0103371112     0.181708   -93.168986  0.0103371112  +0.169591  +0.013018    14.977467   -2.932796    10.905848   +2.953043            0         0
Q11EF_5   Quadrupole        -92.569456   0.600000             0 +0.0000000000     0.187910   -92.569019  0.0103371112     0.187910   -92.569019  0.0103371112  +0.162626  -0.035899    15.859948   +1.548368     9.287975   -0.101871            0 -16.13365
ODEF_5    Drift             -92.069456   0.500000             0 +0.0000000000     0.193078   -92.069045  0.0103371112     0.193078   -92.069045  0.0103371112  +0.144676  -0.035899    14.365133   +1.441261     9.417042   -0.156263            0         0
D2EF_5    Sbend             -89.146155   2.923301 +0.0140299444 +0.0000000000     0.202790   -89.145784 -0.0036928331     0.202790   -89.145784 -0.0036928331  +0.060242  -0.021869     7.769430   +0.815065    11.258333   -0.473542 -0.160089079  -0.00000
ODEF_5    Drift             -88.646155   0.500000             0 +0.0000000000     0.200943   -88.645788 -0.0036928331     0.200943   -88.645788 -0.0036928331  +0.049307  -0.021869     7.007918   +0.707958    11.759060   -0.527913            0         0
Q10EF_5   Quadrupole        -88.046155   0.600000             0 +0.0000000000     0.198728   -88.045792 -0.0036928331     0.198728   -88.045792 -0.0036928331  +0.038636  -0.014019     6.960832   -0.626674    11.159894   +1.490287            0 +10.01403
OMEF_5    Drift             -83.546155   4.500000             0 +0.0000000000     0.182110   -83.545823 -0.0036928331     0.182110   -83.545823 -0.0036928331  -0.024450  -0.014019    16.652507   -1.527032     3.591843   +0.191502            0         0
Q9EF_5    Quadrupole        -82.946155   0.600000             0 +0.0000000000     0.179894   -82.945827 -0.0036928331     0.179894   -82.945827 -0.0036928331  -0.031299  -0.008592    16.562800   +1.670732     3.883681   -0.696513            0 -10.71929
OMEF_5    Drift             -78.446155   4.500000             0 +0.0000000000     0.163276   -78.445857 -0.0036928331     0.163276   -78.445857 -0.0036928331  -0.069964  -0.008592     6.161585   +0.640649    17.895950   -2.417325            0         0
Q8EF_5    Quadrupole        -77.846155   0.600000             0 +0.0000000000     0.161061   -77.845861 -0.0036928331     0.161061   -77.845861 -0.0036928331  -0.081020  -0.028758     6.450043   -1.147167    17.870037   +2.458149            0 +15.05117
OMEF_5    Drift             -73.346155   4.500000             0 +0.0000000000     0.144443   -73.345892 -0.0036928331     0.144443   -73.345892 -0.0036928331  -0.210431  -0.028758    24.045631   -2.762964     3.727125   +0.684720            0         0
Q7EF_5    Quadrupole        -72.746155   0.600000             0 +0.0000000000     0.142227   -72.745896 -0.0036928331     0.142227   -72.745896 -0.0036928331  -0.212574  +0.021701    23.936590   +2.936050     3.526990   -0.335582            0 -13.10657
OMEF_5    Drift             -68.246155   4.500000             0 +0.0000000000     0.125610   -68.245927 -0.0036928331     0.125610   -68.245927 -0.0036928331  -0.114920  +0.021701     5.650848   +1.127448    12.935237   -1.755140            0         0
Q6EF_5    Quadrupole        -67.646155   0.600000             0 +0.0000000000     0.123394   -67.645931 -0.0036928331     0.123394   -67.645931 -0.0036928331  -0.110513  -0.006823     5.221582   -0.375702    13.050626   +1.572784            0 +14.24858
OMEF_5    Drift             -63.146155   4.500000             0 +0.0000000000     0.106776   -63.145962 -0.0036928331     0.106776   -63.145962 -0.0036928331  -0.141218  -0.006823    13.028441   -1.359156     4.285456   +0.375031            0         0
Q5EF_5    Quadrupole        -62.546155   0.600000             0 +0.0000000000     0.104561   -62.545966 -0.0036928331     0.104561   -62.545966 -0.0036928331  -0.140300  +0.009866    13.760589   +0.167812     4.222281   -0.267269            0  -6.55273
O5EF_5    Drift             -54.546155   8.000000             0 +0.0000000000     0.075018   -54.546020 -0.0036928331     0.075018   -54.546020 -0.0036928331  -0.061372  +0.009866    15.857540   -0.429931    24.739022   -2.297324            0         0
Q4EF_5    Quadrupole        -53.946155   0.600000             0 +0.0000000000     0.072802   -53.946024 -0.0036928331     0.072802   -53.946024 -0.0036928331  -0.057727  +0.002360    17.665444   -2.659300    25.611546   +0.880199            0  +7.05195
O4EF_5    Drift             -41.993279  11.952877             0 +0.0000000000     0.028662   -41.993229 -0.0036928331     0.028662   -41.993229 -0.0036928331  -0.029519  +0.002360   146.520254   -8.120934    14.469978   +0.051925            0         0
Q3EF_5    Quadrupole        -41.393279   0.600000             0 +0.0000000000     0.026447   -41.393233 -0.0036928331     0.026447   -41.393233 -0.0036928331  -0.027626  +0.003934   151.437857   +0.015191    14.913803   -0.799745            0  -3.05459
OQCEF_5   Drift             -41.093279   0.300000             0 +0.0000000000     0.025339   -41.093235 -0.0036928331     0.025339   -41.093235 -0.0036928331  -0.026446  +0.003934   151.429337   +0.013210    15.403544   -0.832726            0         0
O_CRAB_EF Drift             -37.093279   4.000000             0 +0.0000000000     0.010568   -37.093263 -0.0036928331     0.010568   -37.093263 -0.0036928331  -0.010709  +0.003934   151.429337   -0.013210    23.824360   -1.272478            0         0
OQCEF_5   Drift             -36.793279   0.300000             0 +0.0000000000     0.009460   -36.793265 -0.0036928331     0.009460   -36.793265 -0.0036928331  -0.009529  +0.003934   151.437857   -0.015191    24.597742   -1.305459            0         0
Q2EF_5    Quadrupole        -36.193279   0.600000             0 +0.0000000000     0.007244   -36.193269 -0.0036928331     0.007244   -36.193269 -0.0036928331  -0.007244  +0.003693   154.091981   -4.433811    25.762830   -0.625152            0  +1.60192
ODEF_5    Drift             -35.693279   0.500000             0 +0.0000000000     0.005398   -35.693272 -0.0036928331     0.005398   -35.693272 -0.0036928331  -0.005398  +0.003693   158.559309   -4.500845    26.401479   -0.652145            0         0
D1EF_5    Sbend             -32.770000   2.923279 -0.0036928331 +0.0000000000    -0.000000   -32.770000 -0.0000000000    -0.000000   -32.770000 -0.0000000000  +0.000000  +0.000000   186.019369   -4.892760    30.675231   -0.809817 +0.042137499  -0.00000
O2EF_5    Drift             -12.370000  20.400000             0 +0.0000000000    -0.000000   -12.370000 -0.0000000000    -0.000000   -12.370000 -0.0000000000  +0.000000  +0.000000   441.437363   -7.627730    86.179480   -1.910979            0         0
Q1EF_5    Quadrupole        -10.760000   1.610000             0 +0.0000000000    -0.000000   -10.760000 -0.0000000000    -0.000000   -10.760000 -0.0000000000  +0.000000  -0.000000   359.689045  +54.041852   117.313230  -19.032548            0  -3.25952
O1EF_5    Drift              -7.000000   3.760000             0 +0.0000000000    -0.000000    -7.000000 -0.0000000000    -0.000000    -7.000000 -0.0000000000  +0.000000  -0.000000    68.124909  +23.501801   304.212359  -30.674667            0         0
Q0EF_5    Quadrupole         -5.800000   1.200000             0 +0.0000000000    -0.000000    -5.800000 -0.0000000000    -0.000000    -5.800000 -0.0000000000  +0.000000  -0.000000    36.001667   +6.041667   280.453333  +48.333333            0  +7.35251
O0EF_5    Drift              +0.000000   5.800000             0 +0.0000000000    -0.000000    -0.000000 -0.0000000000    -0.000000    -0.000000 -0.0000000000  +0.000000  -0.000000     0.960000   -0.000000     0.120000   +0.000000            0         0
IP6       Marker             +0.000000   0.000000             0 +0.0000000000    -0.000000    -0.000000 -0.0000000000    -0.000000    -0.000000 -0.0000000000  +0.000000  -0.000000     0.960000   -0.000000     0.120000   +0.000000            0         0
O0ER_6    Drift              +5.300000   5.300000             0 +0.0000000000    -0.000000     5.300000 -0.0000000000    -0.000000     5.300000 -0.0000000000  -0.000000  -0.000000    30.220417   -5.520833   234.203333  -44.166667            0         0
Q1ER_6    Quadrupole         +7.100000   1.800000             0 +0.0000000000    -0.000000     7.100000 -0.0000000000    -0.000000     7.100000 -0.0000000000  -0.000000  -0.000000    92.348855  -36.821106   218.229126  +50.828155            0  +7.32881
O1ER_6    Drift              +7.600000   0.500000             0 +0.0000000000    -0.000000     7.600000 -0.0000000000    -0.000000     7.600000 -0.0000000000  -0.000000  -0.000000   132.842973  -44.167130   170.361737  +44.906623            0         0
Q2ER_6    Quadrupole         +9.000000   1.400000             0 +0.0000000000    -0.000000     9.000000 -0.0000000000    -0.000000     9.000000 -0.0000000000  -0.000000  -0.000000   206.307282   -1.271202   111.428032   +2.545977            0  -6.66516
O2ER_6    Drift              +9.500000   0.500000             0 +0.0000000000    -0.000000     9.500000 -0.0000000000    -0.000000     9.500000 -0.0000000000  -0.000000  -0.000000   207.581654   -1.277542   108.898842   +2.512403            0         0
D2ER_6    Sbend             +15.000075   5.500075 -0.0180766389 +0.0000000000     0.049710    14.999775  0.0180766389     0.049710    14.999775  0.0180766389  -0.049710  -0.018077   222.017581   -1.347279    83.262198   +2.147980 +0.109629738  -0.00000
O3ER_6    Drift             +37.700075  22.700000             0 +0.0000000000     0.460027    37.696067  0.0180766389     0.460027    37.696067  0.0180766389  -0.460061  -0.018077   289.717865   -1.635113    20.486501   +0.617470            0         0
Q3ER_6    Quadrupole        +38.300075   0.600000             0 +0.0000000000     0.470873    38.295969  0.0180766389     0.470873    38.295969  0.0180766389  -0.465495  +0.000000   284.929778   +9.552938    20.241352   -0.205706            0  -2.16739
OQCER_6   Drift             +38.600075   0.300000             0 +0.0000000000     0.476296    38.595920  0.0180766389     0.476296    38.595920  0.0180766389  -0.465495  +0.000000   279.227156   +9.455800    20.369410   -0.221155            0         0
O_CRAB_ER Drift             +42.600075   4.000000             0 +0.0000000000     0.548598    42.595266  0.0180766389     0.548598    42.595266  0.0180766389  -0.465495  +0.000000   208.761466   +8.160623    22.962557   -0.427132            0         0
OQCER_6   Drift             +42.900075   0.300000             0 +0.0000000000     0.554021    42.895217  0.0180766389     0.554021    42.895217  0.0180766389  -0.465495  +0.000000   203.894234   +8.063485    23.223470   -0.442580            0         0
Q4ER_6    Quadrupole        +43.500075   0.600000             0 +0.0000000000     0.564866    43.495119  0.0180766389     0.564866    43.495119  0.0180766389  -0.460716  +0.015902   190.301148  +14.436130    24.261462   -1.299250            0  -1.90566
O4ER_6    Drift             +54.200075  10.700000             0 +0.0000000000     0.758276    54.193371  0.0180766389     0.758276    54.193371  0.0180766389  -0.290568  +0.015902     7.349435   +2.662161    64.750348   -2.484758            0         0
Q5ER_6    Quadrupole        +54.800075   0.600000             0 +0.0000000000     0.769121    54.793273  0.0180766389     0.769121    54.793273  0.0180766389  -0.292968  -0.023955     5.006700   +1.349219    62.411283   +6.275363            0  +7.64661
O5ER_6    Drift             +63.030193   8.230119             0 +0.0000000000     0.917886    63.022047  0.0180766389     0.917886    63.022047  0.0180766389  -0.490124  -0.023955    20.954867   -3.287000     2.941857   +0.950466            0         0
Q6ER_6    Quadrupole        +63.630193   0.600000             0 +0.0000000000     0.928731    63.621949  0.0180766389     0.928731    63.621949  0.0180766389  -0.479871  +0.057848    22.803249   +0.310111     2.269496   +0.207372            0  -9.29839
OMER_6    Drift             +69.030193   5.400000             0 +0.0000000000     1.026340    69.021067  0.0180766389     1.026340    69.021067  0.0180766389  -0.167490  +0.057848    20.855795   +0.050529    13.431078   -2.274332            0         0
Q7ER_6    Quadrupole        +69.630193   0.600000             0 +0.0000000000     1.037185    69.620969  0.0180766389     1.037185    69.620969  0.0180766389  -0.142296  +0.026976    23.430379   -4.512894    14.546607   +0.490582            0 +11.19183
OMER_6    Drift             +75.030193   5.400000             0 +0.0000000000     1.134794    75.020086  0.0180766389     1.134794    75.020086  0.0180766389  +0.003375  +0.026976    98.760691   -9.437164    11.735355   +0.030020            0         0
Q8ER_6    Quadrupole        +75.630193   0.600000             0 +0.0000000000     1.145639    75.619988  0.0180766389     1.145639    75.619988  0.0180766389  +0.019053  +0.024774    98.456127   +9.924870    13.152032   -2.482290            0 -10.81323
OMER_6    Drift             +81.030193   5.400000             0 +0.0000000000     1.243248    81.019106  0.0180766389     1.243248    81.019106  0.0180766389  +0.152830  +0.024774    20.737601   +4.467450    55.839460   -5.422789            0         0
Q9ER_6    Quadrupole        +81.630193   0.600000             0 +0.0000000000     1.254093    81.619008  0.0180766389     1.254093    81.619008  0.0180766389  +0.170982  +0.035943    16.469203   +2.744769    60.074072   -1.536913            0  +3.84852
OMER_6    Drift             +87.030193   5.400000             0 +0.0000000000     1.351702    87.018126  0.0180766389     1.351702    87.018126  0.0180766389  +0.365074  +0.035943     1.935376   -0.053319    78.304694   -1.839129            0         0
Q10ER_6   Quadrupole        +87.630193   0.600000             0 +0.0000000000     1.362547    87.618028  0.0180766389     1.362547    87.618028  0.0180766389  +0.402325  +0.089092     2.361328   -0.676296    74.037728   +8.751237            0  +7.75431
ODER_6    Drift             +87.930193   0.300000             0 +0.0000000000     1.367970    87.917979  0.0180766389     1.367970    87.917979  0.0180766389  +0.429052  +0.089092     2.822652   -0.861451    68.881296   +8.436867            0         0
D3ER_6    Sbend             +90.853514   2.923320 +0.0188245462 +0.0000000000     1.393298    90.841146 -0.0007479074     1.393298    90.841146 -0.0007479074  +0.716994  +0.107917    13.132664   -2.665573    28.493448   +5.376431 -0.214796610  -0.00000
ODER_6    Drift             +91.153514   0.300000             0 +0.0000000000     1.393073    91.141146 -0.0007479074     1.393073    91.141146 -0.0007479074  +0.749369  +0.107917    14.787555   -2.850729    25.362052   +5.061558            0         0
Q11ER_6   Quadrupole        +91.753514   0.600000             0 +0.0000000000     1.392625    91.741146 -0.0007479074     1.392625    91.741146 -0.0007479074  +0.779813  -0.007197    16.936550   -0.623244    21.650527   +1.308092            0  -8.30740
ODER_6    Drift             +92.053514   0.300000             0 +0.0000000000     1.392400    92.041146 -0.0007479074     1.392400    92.041146 -0.0007479074  +0.777654  -0.007197    17.317874   -0.647837    20.876941   +1.270526            0         0
D3ER_6    Sbend             +94.976834   2.923320 +0.0188245462 +0.0000000000     1.362700    94.964272 -0.0195724536     1.362700    94.964272 -0.0195724536  +0.784129  +0.011628    21.805810   -0.887472    14.512669   +0.906159 -0.214796610  -0.00000
ODER_6    Drift             +95.276834   0.300000             0 +0.0000000000     1.356828    95.264214 -0.0195724536     1.356828    95.264214 -0.0195724536  +0.787617  +0.011628    22.345671   -0.912066    13.980267   +0.868513            0         0
Q12ER_6   Quadrupole        +95.876834   0.600000             0 +0.0000000000     1.345086    95.864100 -0.0195724536     1.345086    95.864100 -0.0195724536  +0.776014  -0.050155    22.396230   +0.829132    13.621538   -0.261248            0  -4.37600
ODER_6    Drift             +96.176834   0.300000             0 +0.0000000000     1.339214    96.164042 -0.0195724536     1.339214    96.164042 -0.0195724536  +0.760967  -0.050155    21.905532   +0.806528    13.785345   -0.284775            0         0
D3ER_6    Sbend             +99.100154   2.923320 +0.0188245462 +0.0000000000     1.254496    99.086091 -0.0383969998     1.254496    99.086091 -0.0383969998  +0.641871  -0.031330    17.834142   +0.586282    16.115336   -0.512119 -0.214796610  -0.00000
ODER_6    Drift             +99.400154   0.300000             0 +0.0000000000     1.242979    99.385870 -0.0383969998     1.242979    99.385870 -0.0383969998  +0.632472  -0.031330    17.489154   +0.563678    16.429657   -0.535618            0         0
Q13ER_6   Quadrupole       +100.000154   0.600000             0 +0.0000000000     1.219947    99.985428 -0.0383969998     1.219947    99.985428 -0.0383969998  +0.618196  -0.016313    17.086984   +0.109826    16.858422   -0.175551            0  +1.33666
OWSER_6   Drift            +100.400154   0.400000             0 +0.0000000000     1.204592   100.385133 -0.0383969998     1.204592   100.385133 -0.0383969998  +0.611671  -0.016313    17.008600   +0.086134    17.008646   -0.200009            0         0
MROT3     Marker           +100.400154   0.000000             0 +0.0000000000     1.204592   100.385133 -0.0383969998     1.204592   100.385133 -0.0383969998  +0.611671  -0.016313    17.008600   +0.086134    17.008646   -0.200009            0         0
